14.1581 44.8857 2 -1.302958E-03 72.231369
14.0194 45.0045 2 -1.312131E-03 72.415354
14.0785 44.3521 2 -1.315061E-03 71.518452
14.0275 44.6728 2 -1.313046E-03 71.329273
13.9179 44.6738 2 -1.307337E-03 70.461425
13.8559 44.3375 2 -1.309464E-03 70.875135
14.1151 44.9639 2 -1.308798E-03 70.724618
13.7892 44.1262 2 -1.316713E-03 69.497210
13.9026 44.5387 2 -1.309573E-03 70.335578
14.0552 44.5184 2 -1.314355E-03 69.268250
14.3429 44.4006 2 -1.310850E-03 69.769164
13.8333 44.6091 2 -1.317359E-03 70.492057
14.1804 44.2634 2 -1.313706E-03 69.559482
14.0853 44.7815 2 -1.315095E-03 69.611069
14.1712 44.5058 2 -1.306634E-03 69.715385
14.1282 44.9257 2 -1.303432E-03 70.090879
13.7085 44.8013 2 -1.309456E-03 70.308654
13.8594 44.9050 2 -1.315686E-03 71.083775
14.0031 44.4558 2 -1.312334E-03 69.829058
14.0847 44.8573 2 -1.311467E-03 69.780847
14.2043 44.8770 2 -1.309455E-03 72.344161
14.0285 44.1740 2 -1.321176E-03 69.967780
13.9550 44.6642 2 -1.314323E-03 72.198831
13.7452 44.6201 2 -1.311192E-03 70.981797
13.9424 44.5300 2 -1.312320E-03 72.442157
13.9534 44.4042 2 -1.314968E-03 69.237934
14.1223 44.5722 2 -1.314393E-03 70.548399
14.0564 44.5248 2 -1.311888E-03 71.466316
14.0393 45.0607 2 -1.304443E-03 71.999041
14.1232 44.7451 2 -1.310652E-03 71.577752
