13.1759 44.7415 2 -2.424791E-02 57.263630
13.0714 44.4036 2 -2.428875E-02 56.974215
13.0966 44.5291 2 -2.425001E-02 55.303204
6.7887 44.4858 4 -2.417861E-02 55.252015
8.7432 44.3935 3 -2.436814E-02 55.887910
8.9592 44.5000 3 -2.431738E-02 55.086085
8.9021 44.3643 3 -2.459303E-02 56.657511
7.0078 44.5494 4 -2.432392E-02 55.725913
13.1096 44.7829 2 -2.427687E-02 55.799625
9.0105 44.3570 3 -2.423449E-02 56.598602
13.2617 44.6175 2 -2.429441E-02 56.117522
13.2786 44.7737 2 -2.424023E-02 54.721305
6.8083 44.6122 4 -2.417915E-02 55.052750
7.0577 44.1538 4 -2.430349E-02 54.758365
13.1883 44.6335 2 -2.431610E-02 54.772070
13.3901 44.8706 2 -2.422480E-02 54.830332
6.9935 44.9218 4 -2.413396E-02 54.749885
13.1713 44.2106 2 -2.438510E-02 54.750984
13.4300 44.3091 2 -2.426930E-02 54.837523
5.8330 44.5253 5 -2.410669E-02 54.801174
13.2265 44.4219 2 -2.439527E-02 54.784268
7.0394 44.9347 4 -2.412473E-02 55.144246
6.8543 44.3482 4 -2.413840E-02 55.029712
13.0087 44.8168 2 -2.422624E-02 55.107660
8.8526 44.5254 3 -2.420997E-02 55.030663
13.2118 44.4744 2 -2.449968E-02 55.027329
12.9062 44.8362 2 -2.418877E-02 55.500690
5.7624 44.8310 5 -2.407118E-02 55.195134
9.4033 44.6025 3 -2.427003E-02 55.098004
5.4712 44.4846 5 -2.418199E-02 55.016869
12.8715 44.4551 2 -2.425315E-02 53.391210
9.2393 44.9398 3 -2.410763E-02 53.838249
9.0564 44.4244 3 -2.424050E-02 53.433958
